// Space ASCII 32
00000000
00000000
00000000
00000000
00000000
00000000
00000000
00000000
// ! ASCII 33
00001000
00001000
00001000
00001000
00001000
00000000
00001000
00000000
// " ASCII 34
00100100
00100100
00100100
00000000
00000000
00000000
00000000
00000000
// # ASCII 35
00100100
00100100
01111110
00100100
01111110
00100100
00100100
00000000
// $ ASCII 36
00001000
00011110
00101000
00011100
00001010
00111100
00001000
00000000
// % ASCII 37
01100010
01100100
00001000
00010000
00100110
01000110
00000000
00000000
// & ASCII 38
00110000
01001000
01001000
00110000
01001010
01000100
00111010
00000000
// ' ASCII 39
00001000
00001000
00010000
00000000
00000000
00000000
00000000
00000000
// ( ASCII 40
00000100
00001000
00010000
00010000
00010000
00001000
00000100
00000000
// ) ASCII 41
00010000
00001000
00000100
00000100
00000100
00001000
00010000
00000000
// * ASCII 42
00000000
00001000
00101010
00011100
00011100
00101010
00001000
00000000
// + ASCII 43
00000000
00001000
00001000
00111110
00001000
00001000
00000000
00000000
// , ASCII 44
00000000
00000000
00000000
00000000
00000000
00001000
00001000
00010000
// - ASCII 45
00000000
00000000
00000000
00111110
00000000
00000000
00000000
00000000
// . ASCII 46
00000000
00000000
00000000
00000000
00000000
00000000
00001000
00000000
// / ASCII 47
00000000
00000010
00000100
00001000
00010000
00100000
01000000
00000000
// 0 ASCII 48
00111100
01000010
01000110
01001010
01010010
01100010
00111100
00000000
// 1 ASCII 49
00001000
00011000
00101000
00001000
00001000
00001000
00111110
00000000
// 2 ASCII 50
00111100
01000010
00000010
00001100
00110000
01000000
01111110
00000000
// 3 ASCII 51
00111100
01000010
00000010
00011100
00000010
01000010
00111100
00000000
// 4 ASCII 52
00001000
00011000
00101000
01001000
01111110
00001000
00001000
00000000
// 5 ASCII 53
01111110
01000000
01111100
00000010
00000010
01000010
00111100
00000000
// 6 ASCII 54
00111100
01000010
01000000
01111100
01000010
01000010
00111100
00000000
// 7 ASCII 55
01111110
00000010
00000100
00001000
00010000
00010000
00010000
00000000
// 8 ASCII 56
00111100
01000010
01000010
00111100
01000010
01000010
00111100
00000000
// 9 ASCII 57
00111100
01000010
01000010
00111110
00000010
01000010
00111100
00000000
// : ASCII 58
00000000
00000000
00001000
00000000
00000000
00001000
00000000
00000000
// ; ASCII 59
//00000000
//00000000
//00001000
//00000000
//00000000
//00001000
//00001000
//00010000
// AMOGUS ASCII 59
00111100
01111110
10001111
10001111
01111111
01111111
01111110
01100110
// < ASCII 60
00000100
00001000
00010000
00100000
00010000
00001000
00000100
00000000
// = ASCII 61
00000000
00000000
00111110
00000000
00111110
00000000
00000000
00000000
// > ASCII 62
00100000
00010000
00001000
00000100
00001000
00010000
00100000
00000000
// ? ASCII 63
00111100
01000010
00000100
00001000
00001000
00000000
00001000
00000000
// @ ASCII 64
00111100
01000010
01011110
01010010
01011110
01000000
00111100
00000000
// A ASCII 65
00011100
00100010
00100010
00111110
00100010
00100010
00100010
00000000
// B ASCII 66
00111100
00100010
00100010
00111100
00100010
00100010
00111100
00000000
// C ASCII 67
00011100
00100010
00100000
00100000
00100000
00100010
00011100
00000000
// D ASCII 68
00111100
00100010
00100010
00100010
00100010
00100010
00111100
00000000
// E ASCII 69
00111110
00100000
00100000
00111110
00100000
00100000
00111110
00000000
// F ASCII 70
00111110
00100000
00100000
00111110
00100000
00100000
00100000
00000000
// G ASCII 71
00011100
00100010
00100000
00101110
00100010
00100010
00011100
00000000
// H ASCII 72
00100010
00100010
00100010
00111110
00100010
00100010
00100010
00000000
// I ASCII 73
00111110
00001000
00001000
00001000
00001000
00001000
00111110
00000000
// J ASCII 74
00000010
00000010
00000010
00000010
00000010
00100010
00011100
00000000
// K ASCII 75
00100010
00100100
00101000
00110000
00101000
00100100
00100010
00000000
// L ASCII 76
00100000
00100000
00100000
00100000
00100000
00100000
00111110
00000000
// M ASCII 77
00100010
00110110
00101010
00101010
00100010
00100010
00100010
00000000
// N ASCII 78
00100010
00110010
00101010
00100110
00100010
00100010
00100010
00000000
// O ASCII 79
00011100
00100010
00100010
00100010
00100010
00100010
00011100
00000000
// P ASCII 80
00111100
00100010
00100010
00111100
00100000
00100000
00100000
00000000
// Q ASCII 81
00011100
00100010
00100010
00100010
00101010
00100100
00011010
00000000
// R ASCII 82
00111100
00100010
00100010
00111100
00100100
00100010
00100010
00000000
// S ASCII 83
00011100
00100010
00100000
00011100
00000010
00100010
00011100
00000000
// T ASCII 84
00111110
00001000
00001000
00001000
00001000
00001000
00001000
00000000
// U ASCII 85
00100010
00100010
00100010
00100010
00100010
00100010
00011100
00000000
// V ASCII 86
00100010
00100010
00100010
00100010
00100010
00010100
00001000
00000000
// W ASCII 87
00100010
00100010
00100010
00101010
00101010
00101010
00010100
00000000
// X ASCII 88
00100010
00100010
00010100
00001000
00010100
00100010
00100010
00000000
// Y ASCII 89
00100010
00100010
00010100
00001000
00001000
00001000
00001000
00000000
// Z ASCII 90
00111110
00000010
00000100
00001000
00010000
00100000
00111110
00000000